$ 1 0.000005 10.20027730826997 50 5 43 5e-11
g 176 640 176 672 0 0
s 560 256 640 256 0 1 false
R 640 144 640 64 0 0 40 5 0 0 0.5
w 640 144 640 256 0
w 560 256 560 304 0
w 560 304 416 304 0
s 416 256 496 256 0 1 false
w 416 256 416 304 0
r 496 256 496 144 0 3300
w 640 144 496 144 0
r 368 256 368 208 0 3900
w 288 256 288 304 0
s 288 256 368 256 0 1 false
w 416 304 288 304 0
r 368 208 368 144 0 2200
w 368 144 496 144 0
r 288 304 176 304 0 2200
w 176 304 176 432 0
r 176 640 176 560 0 10000
p 176 560 64 560 1 0 0
s 288 384 368 384 0 1 false
w 288 384 288 432 0
w 416 384 416 432 0
s 416 384 496 384 0 1 false
w 560 384 560 432 0
w 640 256 640 384 0
s 560 384 640 384 0 1 false
w 496 384 496 256 0
w 368 384 368 256 0
r 288 432 176 432 0 1000
w 288 432 416 432 0
w 416 432 560 432 0
w 416 560 560 560 0
w 288 560 416 560 0
w 368 512 368 384 0
w 496 512 496 384 0
s 560 512 640 512 0 1 false
w 640 384 640 512 0
w 560 512 560 560 0
s 416 512 496 512 0 1 false
w 416 512 416 560 0
w 288 512 288 560 0
s 288 512 368 512 0 1 false
w 176 432 176 560 0
w 176 560 288 560 0
